1.000000000000000000e+00,2.007585200729000013e-02,9.457118908051800332e-01
1.069000005721999935e+00,1.744058099090699948e-02,9.434699586588199960e-01
1.138000011444100013e+00,1.360385396703999925e-02,9.413115227495999493e-01
1.207000017166099948e+00,9.013579133472600022e-03,9.392431554539000249e-01
1.276000022888200025e+00,4.316796017833300289e-03,9.372662975457000112e-01
1.345000028610199960e+00,2.613449477688200087e-03,9.353778331456500394e-01
1.414000034332300038e+00,6.191884329375499894e-03,9.335709829227399892e-01
1.483000040054299973e+00,9.655355640538600473e-03,9.318360319682400528e-01
1.552000045776400050e+00,1.212630651092900039e-02,9.301620671895599601e-01
1.621000051498399985e+00,1.338784101632200033e-02,9.285369281379399764e-01
1.690000057220500063e+00,1.338769490632699989e-02,9.269495130723000020e-01
1.758999943733200011e+00,1.219454069593600004e-02,9.253886392676700101e-01
1.827999949455300088e+00,9.978717376640799941e-03,9.238458970348699673e-01
1.896999955177300023e+00,6.991608431408300427e-03,9.223140618401699520e-01
1.965999960899400101e+00,3.545388847579099799e-03,9.207886051740400424e-01
2.035000085830700023e+00,4.786879281178099753e-04,9.192669238019199884e-01
2.104000091552700180e+00,3.534799444617999897e-03,9.177483902121500448e-01
2.173000097274799813e+00,6.455226180493999627e-03,9.162347167333200204e-01
2.242000102996799971e+00,8.665369933576199876e-03,9.147282938467200530e-01
2.311000108718900048e+00,9.992448898535299245e-03,9.132330831430099938e-01
2.380000114440900205e+00,1.035453872541700071e-02,9.117529725508599636e-01
2.448999881744399865e+00,9.759373813292700553e-03,9.102919646352599647e-01
2.517999887466400022e+00,8.299509435418999520e-03,9.088539861243699614e-01
2.586999893188500099e+00,6.141018394528999572e-03,9.074417514211100544e-01
2.655999898910499812e+00,3.507323404580200196e-03,9.060572860636499914e-01
2.724999904632599890e+00,6.885923879386899845e-04,9.047013713555399628e-01
2.793999910354600047e+00,2.193012899249500210e-03,9.033739596563199470e-01
2.862999916076700124e+00,4.702918225644599735e-03,9.020737594875599674e-01
2.931999921798699837e+00,6.703996194201400013e-03,9.007989307463299955e-01
3.000999927520799915e+00,8.027465796947000701e-03,8.995466951009899459e-01
3.069999933242800072e+00,8.575074033383900049e-03,8.983141708305999451e-01
3.138999938964799785e+00,8.322329031402500230e-03,8.970981233034299729e-01
3.207999944686899862e+00,7.318315893584300021e-03,8.958960794812299566e-01
3.276999950408900020e+00,5.679958979349900364e-03,8.947053860110699697e-01
3.345999956131000097e+00,3.584199051555599785e-03,8.935243667938399525e-01
3.414999961852999810e+00,1.305519399663900059e-03,8.923514223396300515e-01
3.483999967575099888e+00,1.403751491267100091e-03,8.911861327293000290e-01
3.552999973297100045e+00,3.550373180422700115e-03,8.900285257232699587e-01
3.621999979019200122e+00,5.384109341412499604e-03,8.888792260776999798e-01
3.690999984741199835e+00,6.688623173593299769e-03,8.877391181432799927e-01
3.759999990463299913e+00,7.351427955607400290e-03,8.866095891089600389e-01
3.828999996185300070e+00,7.327092143228499700e-03,8.854920566345499955e-01
3.898000001907299783e+00,6.636067920727999753e-03,8.843876247463600127e-01
3.967000007629399860e+00,5.361726585278800070e-03,8.832975573854200402e-01
4.035999774932900408e+00,3.646801625246700197e-03,8.822224725581799820e-01
4.105000019073499651e+00,1.724971648095899920e-03,8.811625237542699551e-01
4.173999786377000198e+00,1.003035896534699989e-03,8.801176582901399925e-01
4.243000030517600329e+00,2.741423065459600190e-03,8.790874535381699717e-01
4.311999797820999625e+00,4.429451054777099571e-03,8.780707364844499985e-01
4.381000041961700120e+00,5.708243093927200217e-03,8.770663654430099765e-01
4.449999809265100303e+00,6.448201294003899978e-03,8.760728759978899660e-01
4.519000053405799910e+00,6.588067911617499772e-03,8.750883909471099953e-01
4.587999820709200094e+00,6.127356141309500161e-03,8.741122203296599613e-01
4.657000064849899701e+00,5.124250478250399685e-03,8.731425455537500380e-01
4.725999832153299884e+00,3.693888208384800073e-03,8.721785654518999786e-01
4.795000076293900015e+00,2.030268539416599932e-03,8.712195050263999985e-01
4.863999843597399675e+00,9.146218700360200186e-04,8.702647716885999474e-01
4.933000087737999806e+00,2.143283491936400203e-03,8.693147008241599583e-01
5.001999855041500354e+00,3.695772887991000122e-03,8.683692921090300221e-01
5.071000099182099596e+00,4.946765683176900137e-03,8.674291425955600321e-01
5.139999866485600144e+00,5.742680364826899600e-03,8.664947147432700003e-01
5.209000110626200275e+00,6.008785080793600103e-03,8.655670148713100476e-01
5.277999877929699934e+00,5.728185096177299852e-03,8.646465852124199936e-01
5.347000122070300066e+00,4.939142162992699731e-03,8.637339442834099934e-01
5.415999889373799725e+00,3.734113810773799936e-03,8.628296336744599726e-01
5.485000133514399856e+00,2.274450354491100012e-03,8.619337453782099923e-01
5.553999900817900404e+00,1.037170239647699924e-03,8.610463395884000448e-01
5.623000144958499646e+00,1.695065410721499936e-03,8.601671563118500341e-01
5.691999912262000194e+00,3.104457974424399812e-03,8.592957819043900436e-01
5.761000156402600325e+00,4.323468958638000161e-03,8.584314064795199872e-01
5.829999923706099985e+00,5.160082269481900200e-03,8.575734851071300513e-01
5.899000167846700116e+00,5.526271376827599641e-03,8.567209165196300047e-01
5.967999935150100299e+00,5.391344033372299886e-03,8.558732587010600135e-01
6.037000179290799906e+00,4.776969845898999985e-03,8.550295846029499769e-01
6.105999946594200090e+00,3.756238475768399789e-03,8.541892846084899737e-01
6.175000190734899697e+00,2.463065094326399949e-03,8.533522681589400527e-01
6.243999958038299880e+00,1.222135544954499990e-03,8.525179136942799829e-01
6.313000202179000375e+00,1.366396355039999977e-03,8.516865531205900508e-01
6.381999969482399671e+00,2.616424906517300034e-03,8.508581945253500534e-01
6.451000213622999802e+00,3.800442946512399937e-03,8.500331906955399530e-01
6.519999980926500349e+00,4.667773030581400320e-03,8.492119601482700508e-01
6.589000225067099592e+00,5.116489850744899981e-03,8.483949909975400105e-01
6.657999992370600140e+00,5.103944258589200415e-03,8.475826401764600115e-01
6.727000236511200271e+00,4.637738253767099972e-03,8.467753547337699693e-01
6.796000003814699930e+00,3.774426237335900061e-03,8.459733403711500177e-01
6.864999771118199590e+00,2.625468385233099920e-03,8.451767321925800491e-01
6.934000015258799721e+00,1.430086521606799971e-03,8.443856513387399954e-01
7.002999782562300268e+00,1.153750551246299954e-03,8.435999003028999965e-01
7.072000026702900399e+00,2.202272650931500018e-03,8.428192708734100203e-01
7.140999794006299695e+00,3.342656997683900177e-03,8.420433957289800153e-01
7.210000038147000190e+00,4.230569297210100277e-03,8.412717285305599813e-01
7.278999805450400373e+00,4.747046918273699692e-03,8.405037413313900529e-01
7.348000049591099980e+00,4.838286999704900261e-03,8.397391677682699562e-01
7.416999816894500164e+00,4.499488798958999926e-03,8.389774424000300268e-01
7.486000061035199771e+00,3.772636319804899795e-03,8.382182148113199727e-01
7.554999828338599954e+00,2.749994804621800140e-03,8.374614744009899470e-01
7.624000072479200085e+00,1.616794387261399988e-03,8.367068050964100445e-01
7.692999839782699745e+00,1.045033805783499936e-03,8.359544398435400092e-01
7.762000083923299876e+00,1.850993128916299940e-03,8.352044815975600001e-01
7.830999851226800423e+00,2.940044950108400106e-03,8.344571176245100252e-01
7.900000095367399666e+00,3.840955771277900117e-03,8.337124708340699630e-01
7.968999862670900214e+00,4.413984264602700130e-03,8.329712439712200212e-01
8.038000106811500345e+00,4.594882040529600295e-03,8.322333365501499713e-01
8.107000350952100476e+00,4.367940205815000303e-03,8.314993301559999717e-01
8.175999641418499664e+00,3.762418460451699784e-03,8.307690889550199964e-01
8.244999885559099795e+00,2.854441170517199849e-03,8.300427849014200277e-01
8.314000129699699926e+00,1.793034285457600040e-03,8.293205976046199579e-01
8.383000373840300057e+00,1.041304405761699905e-03,8.286023454676999522e-01
8.451999664306599769e+00,1.560177499604900033e-03,8.278877568957999644e-01
8.520999908447299376e+00,2.582576448050899823e-03,8.271767603781500222e-01
8.590000152587899507e+00,3.487664786913599949e-03,8.264689495724100166e-01
8.659000396728499638e+00,4.106867572144999937e-03,8.257638915954500503e-01
8.727999687194799350e+00,4.365181814390399831e-03,8.250614608344000178e-01
8.796999931335399481e+00,4.236925264148499841e-03,8.243613788416499499e-01
8.866000175476100864e+00,3.739947434840199848e-03,8.236632986894300013e-01
8.935000419616699219e+00,2.936283026185100131e-03,8.229672819268399886e-01
9.003999710083000707e+00,1.948322192905800002e-03,8.222730246973699586e-01
9.072999954223600838e+00,1.104151490075800084e-03,8.215806508376599648e-01
9.142000198364300445e+00,1.324405837585999977e-03,8.208902948252499998e-01
9.211000442504900576e+00,2.262661628681199993e-03,8.202022113530399450e-01
9.279999732971200288e+00,3.164474212505500195e-03,8.195162549016800080e-01
9.348999977111800419e+00,3.821568407585000052e-03,8.188329516588600532e-01
9.418000221252400550e+00,4.147559854586700331e-03,8.181525438639799530e-01
9.487000465393100157e+00,4.107575667681899814e-03,8.174748893434999886e-01
9.555999755859399869e+00,3.709223576074499942e-03,8.168002651299900441e-01
9.625000000000000000e+00,3.002187516807699845e-03,8.161288051200600302e-01
9.694000244140600131e+00,2.088414989301400158e-03,8.154603765360699530e-01
9.762999534606899843e+00,1.210348483844699962e-03,8.147949354957899626e-01
9.831999778747599450e+00,1.148791723917600045e-03,8.141323268690200399e-01
9.901000022888199581e+00,1.976435698228800209e-03,8.134723425804799568e-01
9.970000267028799712e+00,2.865946043255099881e-03,8.128147971876199529e-01
1.003899955749499995e+01,3.552878035177600181e-03,8.121595514902300028e-01
1.010799980163599976e+01,3.937708850728900353e-03,8.115061201274700320e-01
1.017700004577599948e+01,3.976776111755699755e-03,8.108545918803099495e-01
1.024600028991699929e+01,3.668304302046800167e-03,8.102047454740299859e-01
1.031499958038300058e+01,3.050895049267999919e-03,8.095562290834099617e-01
1.038399982452400039e+01,2.209859709272299962e-03,8.089095289939800537e-01
1.045300006866500020e+01,1.331805344428499968e-03,8.082642658628199639e-01
1.052200031280499992e+01,1.032671004787900091e-03,8.076206542632500263e-01
1.059099960327099943e+01,1.720158582832300061e-03,8.069788741935699505e-01
1.065999984741199924e+01,2.588516294257299857e-03,8.063390614115699684e-01
1.072900009155300083e+01,3.298395933357400021e-03,8.057012592044799915e-01
1.079800033569300055e+01,3.734628621080400036e-03,8.050657600290600513e-01
1.086699962616000015e+01,3.845021901740199987e-03,8.044325703371599801e-01
1.093599987029999987e+01,3.619181339293499940e-03,8.038019859049100324e-01
1.100500011444099968e+01,3.085720714259599946e-03,8.031737329279600157e-01
1.107400035858199949e+01,2.316067118370700173e-03,8.025480070679900102e-01
1.114299964904800078e+01,1.458918345219899996e-03,8.019245795308299618e-01
1.121199989318800050e+01,9.795393864254699386e-04,8.013033905228099663e-01
1.128100013732900031e+01,1.494453008414400007e-03,8.006843482355500141e-01
1.135000038147000012e+01,2.330576862743499907e-03,8.000672276403599792e-01
1.141899967193599963e+01,3.056583022957999954e-03,7.994519387628400420e-01
1.148799991607699944e+01,3.537434521089600180e-03,7.988381398783199749e-01
1.155700016021699916e+01,3.712307080420600060e-03,7.982257776438299590e-01
1.162600040435800075e+01,3.562765120743799797e-03,7.976148184692799514e-01
1.169499969482400026e+01,3.108302727732100128e-03,7.970050134245599827e-01
1.176399993896500007e+01,2.408384441412299900e-03,7.963965431556000452e-01
1.183300018310499979e+01,1.584500387919600059e-03,7.957894619509100487e-01
1.190200042724599960e+01,9.828150956587100671e-04,7.951834985333300354e-01
1.197099971771200089e+01,1.299073310144600087e-03,7.945790892111199710e-01
1.203999996185300070e+01,2.089041450840799837e-03,7.939762358779199891e-01
1.210900020599400051e+01,2.824156901646899913e-03,7.933752241253400062e-01
1.217800045013400023e+01,3.343129640750500207e-03,7.927759810920800287e-01
1.224699974060099983e+01,3.576036126844300139e-03,7.921786237628499761e-01
1.231599998474099955e+01,3.496843850872600155e-03,7.915832831503000211e-01
1.238500022888199936e+01,3.116667094825400185e-03,7.909899428252800124e-01
1.245400047302200086e+01,2.484478592329700079e-03,7.903986508530700394e-01
1.252299976348900046e+01,1.701469154372499968e-03,7.898092317832400289e-01
1.259200000762900018e+01,1.028608949885300057e-03,7.892216747832500046e-01
1.266100025176999999e+01,1.139506051146699922e-03,7.886358916949399722e-01
1.272999954223599950e+01,1.867388851098099973e-03,7.880516012453200325e-01
1.279899978637699931e+01,2.604975197420199805e-03,7.874687645624499632e-01
1.286800003051799912e+01,3.156324887733099986e-03,7.868872735201499768e-01
1.293700027465800062e+01,3.441602269753200015e-03,7.863068976049399916e-01
1.300599956512500022e+01,3.427506023263400189e-03,7.857276323025800258e-01
1.307499980926499994e+01,3.117377132199999814e-03,7.851494841948100101e-01
1.314400005340599975e+01,2.550782545146599873e-03,7.845722768092899813e-01
1.321300029754599947e+01,1.812859364917899932e-03,7.839962726379100522e-01
1.328199958801300085e+01,1.104552543454899970e-03,7.834211959375000367e-01
1.335099983215300057e+01,1.016914916442799958e-03,7.828474073054999538e-01
1.342000007629400038e+01,1.661443872779799899e-03,7.822750080792699734e-01
1.348900032043500019e+01,2.394211505983900000e-03,7.817039143012499691e-01
1.355799961090099970e+01,2.972625048134699792e-03,7.811343036362999870e-01
1.362699985504199951e+01,3.305323310911900160e-03,7.805662960733400491e-01
1.369600009918199923e+01,3.351861315489299865e-03,7.799998833654200325e-01
1.376500034332300082e+01,3.108287235493099789e-03,7.794350514246599637e-01
1.383399963378900033e+01,2.605617790782899842e-03,7.788718870545400241e-01
1.390299987793000014e+01,1.915858618910400027e-03,7.783102981585700020e-01
1.397200012206999986e+01,1.197991654605799934e-03,7.777501360255000273e-01
1.404100036621099967e+01,9.366924654983700303e-04,7.771913242975899694e-01
1.410999965667699918e+01,1.472874259396199934e-03,7.766337421685599596e-01
1.417899990081800077e+01,2.192187769174800197e-03,7.760774028008099457e-01
1.424800014495800049e+01,2.792096185222399905e-03,7.755221742573600308e-01
1.431700038909900030e+01,3.167236474929000130e-03,7.749678453976599490e-01
1.438599967956499981e+01,3.269959350225600057e-03,7.744144866488299472e-01
1.445499992370599962e+01,3.089415184009900069e-03,7.738619672636599667e-01
1.452400016784699943e+01,2.648754343063500043e-03,7.733103888321599673e-01
1.459300041198699915e+01,2.008888143329000051e-03,7.727596455000299569e-01
1.466199970245400053e+01,1.298933098071100014e-03,7.722097381623099777e-01
1.473099994659400025e+01,9.007289290349900510e-04,7.716609489090899832e-01
1.480000019073500006e+01,1.304248512564900068e-03,7.711132560596299923e-01
1.486900043487499978e+01,2.000274183596599965e-03,7.705668687793000293e-01
1.493799972534199938e+01,2.616197657343200065e-03,7.700215085574799723e-01
1.500699996948200088e+01,3.029070137843199988e-03,7.694775590948299548e-01
1.507600021362300069e+01,3.183779623624600173e-03,7.689350095110200067e-01
1.514500045776400050e+01,3.062875043542199853e-03,7.683938672114899449e-01
1.521399974823000001e+01,2.682174481010499937e-03,7.678539517439100237e-01
1.528299999237099982e+01,2.092878312129399856e-03,7.673153287884300067e-01
1.535200023651099954e+01,1.401844039255000039e-03,7.667778837089600508e-01
1.542099952697799914e+01,9.044778275715000372e-04,7.662416683264600126e-01
1.548999977111800064e+01,1.155408045928199958e-03,7.657065729280400079e-01
1.555900001525900045e+01,1.816383061064300074e-03,7.651724544869700217e-01
1.562800025939900017e+01,2.442814930270500139e-03,7.646391757444499504e-01
1.569699954986599977e+01,2.888976787093299956e-03,7.641067662888000322e-01
1.576599979400599949e+01,3.091766570127500030e-03,7.635751067782100554e-01
1.583500003814699930e+01,3.027355288212099822e-03,7.630442299634999648e-01
1.590400028228799911e+01,2.704692934211599866e-03,7.625141930202300466e-01
1.597299957275400040e+01,2.166343097094099949e-03,7.619849021890200413e-01
1.604199981689500021e+01,1.502096267909499997e-03,7.614562598081699996e-01
1.611100006103499993e+01,9.412005822282800208e-04,7.609286779798399847e-01
1.618000030517600152e+01,1.031218531086799950e-03,7.604021979326399672e-01
1.624900054931600124e+01,1.642978963789000013e-03,7.598764390406900215e-01
1.631800079345699928e+01,2.274093098324199945e-03,7.593520429732000254e-01
1.638699913024899857e+01,2.749158485479599907e-03,7.588286668944700386e-01
1.645599937439000016e+01,2.996216509683900017e-03,7.583063880305800364e-01
1.652499961852999988e+01,2.985196474007400028e-03,7.577853527034400516e-01
1.659399986267100147e+01,2.718561123211399831e-03,7.572654235066199613e-01
1.666300010681199950e+01,2.231046596754199859e-03,7.567466234941699899e-01
1.673200035095199922e+01,1.598810629116099915e-03,7.562290185379200169e-01
1.680100059509300081e+01,1.002360391509000016e-03,7.557122263319500099e-01
1.687000083923300053e+01,9.351446118692599606e-04,7.551965102541500219e-01
1.693899917602499983e+01,1.480301586751000056e-03,7.546816228639400270e-01
1.700799942016600141e+01,2.109747258211099995e-03,7.541675759141399649e-01
1.707699966430699945e+01,2.609482958444299828e-03,7.536540932920200442e-01
1.714599990844699917e+01,2.897272390061599989e-03,7.531413667676899459e-01
1.721500015258800076e+01,2.936805904976599966e-03,7.526294596779800061e-01
1.728400039672899879e+01,2.724358135135500087e-03,7.521180835985099566e-01
1.735300064086899852e+01,2.287452906222100114e-03,7.516075012035400293e-01
1.742200088501000010e+01,1.690931718482700102e-03,7.510976328267400248e-01
1.749099922180199940e+01,1.079634122111699981e-03,7.505885058352099737e-01
1.755999946594199912e+01,8.704041802139300113e-04,7.500802807538999861e-01
1.762899971008300071e+01,1.328485355530499915e-03,7.495729177965000378e-01
1.769799995422399874e+01,1.948757870403799997e-03,7.490665422094799908e-01
1.776700019836399846e+01,2.468682272288399981e-03,7.485610524250300157e-01
1.783600044250500005e+01,2.793577537462599812e-03,7.480566980795300136e-01
1.790500068664600164e+01,2.880752004171099976e-03,7.475531655986199508e-01
1.797400093078600136e+01,2.720535628778700168e-03,7.470508234796200409e-01
1.804299926757800066e+01,2.333743941917499828e-03,7.465493948368200350e-01
1.811199951171899869e+01,1.775595413222600056e-03,7.460489865674999610e-01
1.818099975585899841e+01,1.164830629565200048e-03,7.455493914117400367e-01
1.825000000000000000e+01,8.397017875223200230e-04,7.450506025612899652e-01
1.831900024414100159e+01,1.191235444614400108e-03,7.445526678592699898e-01
1.838800048828100131e+01,1.793854582363800087e-03,7.440554174124900388e-01
1.845700073242199934e+01,2.329402272460600037e-03,7.435588976317499821e-01
1.852599906921399864e+01,2.687792600320100100e-03,7.430629876794100364e-01
1.859499931335399836e+01,2.819662344748099982e-03,7.425678368467599766e-01
1.866399955749499995e+01,2.709578675596499998e-03,7.420732772828100288e-01
1.873299980163600154e+01,2.372043235003000027e-03,7.415792308490399831e-01
1.880200004577600126e+01,1.853823880174199903e-03,7.410861137972100110e-01
1.887100028991699929e+01,1.253911906709599894e-03,7.405937177997300447e-01
1.894000053405800088e+01,8.411163254649899621e-04,7.401020852985999987e-01
1.900900077819800060e+01,1.069636681018499950e-03,7.396113015279299763e-01
1.907799911498999990e+01,1.644603955580000018e-03,7.391213642595799715e-01
1.914699935913100148e+01,2.191247733584800010e-03,7.386322258356400328e-01
1.921599960327100121e+01,2.579852117899799832e-03,7.381440200863500500e-01
1.928499984741199924e+01,2.753848554185799827e-03,7.376567241281599685e-01
1.935400009155300083e+01,2.692151751920300162e-03,7.371704616237100272e-01
1.942300033569300055e+01,2.403264868787499849e-03,7.366850117379499796e-01
1.949200057983399859e+01,1.926348894597600028e-03,7.362002701476499933e-01
1.956100082397500017e+01,1.344881034911599898e-03,7.357164442441900265e-01
1.962999916076699947e+01,8.710408354413000246e-04,7.352333072390999646e-01
1.969899940490699919e+01,9.653844125450800322e-04,7.347509197234900480e-01
1.976799964904800078e+01,1.499370904331700106e-03,7.342691608999399877e-01
1.983699989318800050e+01,2.051505852971000163e-03,7.337880710261800443e-01
1.990600013732899853e+01,2.466447774425199833e-03,7.333075907522600412e-01
1.997500038147000012e+01,2.679501558730599912e-03,7.328276773342600192e-01
2.004400062560999984e+01,2.663955020711200085e-03,7.323484064461900367e-01
2.011300086975100143e+01,2.422587465630999821e-03,7.318698100558900244e-01
2.018199920654300072e+01,1.987660094794800082e-03,7.313919794301699806e-01
2.025099945068399876e+01,1.430348412327700101e-03,7.309146971623099454e-01
2.031999969482399848e+01,9.204614312017699506e-04,7.304382525244199620e-01
2.038899993896500007e+01,8.850079122212800055e-04,7.299626342417000480e-01
2.045800018310499979e+01,1.364829621881699911e-03,7.294877731011599753e-01
2.052700042724600138e+01,1.917133843447000078e-03,7.290137743113499491e-01
2.059600067138699941e+01,2.354857467062800025e-03,7.285405015327099942e-01
2.066500091552699914e+01,2.604098507575100009e-03,7.280681991060200531e-01
2.073399925231899843e+01,2.632513718703299952e-03,7.275967872491599930e-01
2.080299949646000002e+01,2.437385500183199792e-03,7.271260570034699944e-01
2.087199974060100161e+01,2.044573347154399895e-03,7.266560946860699532e-01
2.094099998474100133e+01,1.514938573709199900e-03,7.261869785899900398e-01
2.101000022888199936e+01,9.860281016266499252e-04,7.257184476942899476e-01
2.107900047302199908e+01,8.290332928131999724e-04,7.252507281495099711e-01
2.114800071716300067e+01,1.237426866807100076e-03,7.247834576948499752e-01
2.121699905395499997e+01,1.783385898617300108e-03,7.243169261663999769e-01
2.128599929809600155e+01,2.240263512252399936e-03,7.238510162104200285e-01
2.135499954223600128e+01,2.523004870730800094e-03,7.233856620543399618e-01
2.142399978637699931e+01,2.593425818956399988e-03,7.229208890923399800e-01
2.149300003051800090e+01,2.443450986697800077e-03,7.224567080141000019e-01
2.156200027465800062e+01,2.092910566264699970e-03,7.219932140455399550e-01
2.163100051879899866e+01,1.593796375849300005e-03,7.215305017495700080e-01
2.170000076293899838e+01,1.059300990368999915e-03,7.210685145912000271e-01
2.176899909973100122e+01,7.987472268711899538e-04,7.206072224380799529e-01
2.183799934387199926e+01,1.119502615691400074e-03,7.201466855141399614e-01
2.190699958801300085e+01,1.651975370573500025e-03,7.196869846301999774e-01
2.197599983215300057e+01,2.124288346705600211e-03,7.192281043968500320e-01
2.204500007629399860e+01,2.437799704948400044e-03,7.187700505973200205e-01
2.211400032043500019e+01,2.548215338993100026e-03,7.183127141586399533e-01
2.218300056457499991e+01,2.442236536069499961e-03,7.178562319926099500e-01
2.225200080871600150e+01,2.134004387849600202e-03,7.174003879665600270e-01
2.232099914550800079e+01,1.667741276197800019e-03,7.169453129900500432e-01
2.238999938964800052e+01,1.138017669120100104e-03,7.164908352597000318e-01
2.245899963378899855e+01,7.959775666420500261e-04,7.160370545658300001e-01
2.252799987793000014e+01,1.014246952915600058e-03,7.155838280755100200e-01
2.259700012206999986e+01,1.524144535126799923e-03,7.151311983178499920e-01
2.266600036621100145e+01,2.007627355332399898e-03,7.146792268888000343e-01
2.273500061035199948e+01,2.348949941171500026e-03,7.142276577789800074e-01
2.280400085449199921e+01,2.497195408238599840e-03,7.137766808602999946e-01
2.287299919128399850e+01,2.433906912782999796e-03,7.133263849887100383e-01
2.294199943542500009e+01,2.167809368490399794e-03,7.128766600770499728e-01
2.301099967956499981e+01,1.736189601630900008e-03,7.124277039991600002e-01
2.307999992370600140e+01,1.219097462180599931e-03,7.119794875252299926e-01
2.314900016784699943e+01,8.186419337533599495e-04,7.115319724440299920e-01
2.321800041198699915e+01,9.252789221480799825e-04,7.110852695493600217e-01
2.328700065612800074e+01,1.401512836511800090e-03,7.106392230485100159e-01
2.335600090026899878e+01,1.891280883335499973e-03,7.101939478995099586e-01
2.342499923706100162e+01,2.257155382113100114e-03,7.097495287442500134e-01
2.349399948120100134e+01,2.440788210007099977e-03,7.093058453585699974e-01
2.356299972534199938e+01,2.418540329482500150e-03,7.088628757323699459e-01
2.363199996948199910e+01,2.193912535478299841e-03,7.084206466925100365e-01
2.370100021362300069e+01,1.797832492225099948e-03,7.079790143155899607e-01
2.377000045776399872e+01,1.298600810518400024e-03,7.075381344432299935e-01
2.383900070190399845e+01,8.595300829419600004e-04,7.070977838148500005e-01
2.390800094604500003e+01,8.537948265987999920e-04,7.066581387574699669e-01
2.397699928283699933e+01,1.284471820743800100e-03,7.062190034971500552e-01
2.404599952697800092e+01,1.775687478281999911e-03,7.057803514036800063e-01
2.411499977111800064e+01,2.163102245971099905e-03,7.053423838342599561e-01
2.418400001525899867e+01,2.379884523144100168e-03,7.049048435402499591e-01
2.425300025939899839e+01,2.397149792269999934e-03,7.044680436903300036e-01
2.432200050353999998e+01,2.213338770478600216e-03,7.040318562320500018e-01
2.439100074768100157e+01,1.853463108041600044e-03,7.035962586496700144e-01
2.445999908447300086e+01,1.376000975369199956e-03,7.031614920316600070e-01
2.452899932861300059e+01,9.141534314901600226e-04,7.027272168175100475e-01
2.459799957275399862e+01,8.020169043452600411e-04,7.022938312964199792e-01
2.466699981689500021e+01,1.173417849638800020e-03,7.018611218282400088e-01
2.473600006103499993e+01,1.660533263825100065e-03,7.014290463711899681e-01
2.480500030517600152e+01,2.066387922095500040e-03,7.009978418639899456e-01
2.487400054931600124e+01,2.314128524130400037e-03,7.005672827124099777e-01
2.494300079345699928e+01,2.369461660200300034e-03,7.001375607627500219e-01
2.501199913024899857e+01,2.225903663456900092e-03,6.997084818654100147e-01
2.508099937439000016e+01,1.902925514115999962e-03,6.992799664101100321e-01
2.514999961852999988e+01,1.450649398923399992e-03,6.988520464858399839e-01
2.521899986267100147e+01,9.792087519563100109e-04,6.984246859161700183e-01
2.528800010681199950e+01,7.738891961912299725e-04,6.979978817806600233e-01
2.535700035095199922e+01,1.071356062263400036e-03,6.975717815136700528e-01
2.542600059509300081e+01,1.547407160709499954e-03,6.971461235094700282e-01
2.549500083923300053e+01,1.968056806401399794e-03,6.967209859982700371e-01
2.556399917602499983e+01,2.244222401463700101e-03,6.962965152490599996e-01
2.563299942016600141e+01,2.335865007852299877e-03,6.958726104501400389e-01
2.570199966430699945e+01,2.231629170999699808e-03,6.954493353290299718e-01
2.577099990844699917e+01,1.945700794569000082e-03,6.950267623148600471e-01
2.584000015258800076e+01,1.520820180778799900e-03,6.946048226390899583e-01
2.590900039672899879e+01,1.049122085371199898e-03,6.941834614856700059e-01
2.597800064086899852e+01,7.673316884526500343e-04,6.937629719799199846e-01
2.604700088501000010e+01,9.783063844048499325e-04,6.933432258036400508e-01
2.611599922180199940e+01,1.435653254499500093e-03,6.929240936556699815e-01
2.618499946594199912e+01,1.867473433420900001e-03,6.925057079058899445e-01
2.625399971008300071e+01,2.169633932534199838e-03,6.920880519304200007e-01
2.632299995422399874e+01,2.295914124369100116e-03,6.916711321327699835e-01
2.639200019836399846e+01,2.230143860145199827e-03,6.912548708095700434e-01
2.646100044250500005e+01,1.981476219358800032e-03,6.908392017374700433e-01
2.653000068664600164e+01,1.586095167466000091e-03,6.904240226117199786e-01
2.659900093078600136e+01,1.122053866851600076e-03,6.900095296166599557e-01
2.666799926757800066e+01,7.831821491619100342e-04,6.895954712127400077e-01
2.673699951171899869e+01,8.992821573270899952e-04,6.891820407905200341e-01
2.680599975585899841e+01,1.328435439142299987e-03,6.887690827569500351e-01
2.687500000000000000e+01,1.767073637210700085e-03,6.883566912635099566e-01
2.694400024414100159e+01,2.092397319424199945e-03,6.879448704627499911e-01
2.701300048828100131e+01,2.251291385988399979e-03,6.875336016926399951e-01
2.708200073242199934e+01,2.222726084245400108e-03,6.871229505835499962e-01
2.715099906921399864e+01,2.010973186872900068e-03,6.867129222334400485e-01
2.721999931335399836e+01,1.646185382144999985e-03,6.863034566061699815e-01
2.728899955749499995e+01,1.194913024518499999e-03,6.858948124075899822e-01
2.735799980163600154e+01,8.154753150730499741e-04,6.854867572137800513e-01
2.742700004577600126e+01,8.337717544051999547e-04,6.850794575938700115e-01
2.749600028991699929e+01,1.224434648339799972e-03,6.846728441550099520e-01
2.756500053405800088e+01,1.665593754603099993e-03,6.842669253204000102e-01
2.763400077819800060e+01,2.011523273403499797e-03,6.838617730277399831e-01
2.770299911498999990e+01,2.201280924656099855e-03,6.834572175007199712e-01
2.777199935913100148e+01,2.208908966748799815e-03,6.830534131912400220e-01
2.784099960327100121e+01,2.033951125648700200e-03,6.826500916168000144e-01
2.790999984741199924e+01,1.700988233937500080e-03,6.822473759148599548e-01
2.797900009155300083e+01,1.267046823035300040e-03,6.818452748118499773e-01
2.804800033569300055e+01,8.621924209334099962e-04,6.814437280739600311e-01
2.811700057983399859e+01,7.862679537430100228e-04,6.810426456087399494e-01
2.818600082397500017e+01,1.126254812581500061e-03,6.806421120205800035e-01
2.825499916076699947e+01,1.564533705124299991e-03,6.802421459920700020e-01
2.832399940490699919e+01,1.928016964459200065e-03,6.798425898910399612e-01
2.839299964904800078e+01,2.146556237090699922e-03,6.794436861742000344e-01
2.846199989318800050e+01,2.189074049650800019e-03,6.790453414674400001e-01
2.853100013732899853e+01,2.050475401680899867e-03,6.786474571195100225e-01
2.860000038147000012e+01,1.750099986004500022e-03,6.782504245104400420e-01
2.866900062560999984e+01,1.336840124098899940e-03,6.778538382968100073e-01
2.873800086975100143e+01,9.185772682066599632e-04,6.774579833537399676e-01
2.880699920654300072e+01,7.578231474322699767e-04,6.770627506274500274e-01
2.887599945068399876e+01,1.034742078480299903e-03,6.766682194008299955e-01
2.894499969482399848e+01,1.463995674762600015e-03,6.762743432341099536e-01
2.901399993896500007e+01,1.841762465723300029e-03,6.758811669796399579e-01
2.908300018310499979e+01,2.086856155364300199e-03,6.754886815600600336e-01
2.915200042724600138e+01,2.162789384047600176e-03,6.750967894810500081e-01
2.922100067138699941e+01,2.059884450158300066e-03,6.747054371888400182e-01
2.929000091552699914e+01,1.792499437547299956e-03,6.743147402306499671e-01
2.935899925231899843e+01,1.402410017858000003e-03,6.739245602538299629e-01
2.942799949646000002e+01,9.800809655000600369e-04,6.735349280379200332e-01
2.949699974060100161e+01,7.482273902748299947e-04,6.731457855490500242e-01
2.956599998474100133e+01,9.515580725918000018e-04,6.727573601057600383e-01
2.963500022888199936e+01,1.365074785387900089e-03,6.723693245250800254e-01
2.970400047302199908e+01,1.753797603202699893e-03,6.719818157286600036e-01
2.977300071716300067e+01,2.023236514989599881e-03,6.715948613903800490e-01
2.984199905395499997e+01,2.131106881822900090e-03,6.712084484238599602e-01
2.991099929809600155e+01,2.063192464484599805e-03,6.708227085260499711e-01
2.997999954223600128e+01,1.829099283108199907e-03,6.704376368455500224e-01
3.004899978637699931e+01,1.464280345192000080e-03,6.700530945727199983e-01
3.011800003051800090e+01,1.045389212893400041e-03,6.696691186206199520e-01
3.018700027465800062e+01,7.579505198925499823e-04,6.692858682183699948e-01
3.025600051879899866e+01,8.796697417698000126e-04,6.689033257489800377e-01
3.032500076293899838e+01,1.269243215831300075e-03,6.685213698649700165e-01
3.039399909973100122e+01,1.665061271268100012e-03,6.681399786833800425e-01
3.046299934387199926e+01,1.956390631050700102e-03,6.677592682271700220e-01
3.053199958801300085e+01,2.094526249728799906e-03,6.673790796365299816e-01
3.060099983215300057e+01,2.060669710525099910e-03,6.669994787404199821e-01
3.067000007629399860e+01,1.859828866869900083e-03,6.666204551590599880e-01
3.073900032043500019e+01,1.521688031541799978e-03,6.662418556397800007e-01
3.080800056457499991e+01,1.111649569594099895e-03,6.658638954308699898e-01
3.087700080871600150e+01,7.832684203656000181e-04,6.654864102969699768e-01
3.094599914550800079e+01,8.199618410774000199e-04,6.651093357506100423e-01
3.101499938964800052e+01,1.176630039821399991e-03,6.647329425289300042e-01
3.108399963378899855e+01,1.575564972561399905e-03,6.643570022545900455e-01
3.115299987793000014e+01,1.886435097076700085e-03,6.639815605331399473e-01
3.122200012206999986e+01,2.053285656469800140e-03,6.636066324425400342e-01
3.129100036621100145e+01,2.052651900282899834e-03,6.632324125909000445e-01
3.136000061035199948e+01,1.885063729691999939e-03,6.628588687454599615e-01
3.142900085449199921e+01,1.574855169931899937e-03,6.624856525079300118e-01
3.149799919128399850e+01,1.178028288442900008e-03,6.621132192019799634e-01
3.156699943542500009e+01,8.216971617391999718e-04,6.617414342139500416e-01
3.163599967956499981e+01,7.743835322379699669e-04,6.613701940648399891e-01
3.170499992370600140e+01,1.087673479925100033e-03,6.609996988406500185e-01
3.177400016784699943e+01,1.484963128623699967e-03,6.606297348977699935e-01
3.184300041198699915e+01,1.812734224856000012e-03,6.602602671641599752e-01
3.191200065612800074e+01,2.006602998858199836e-03,6.598914107324600486e-01
3.198100090026899878e+01,2.038275540963800214e-03,6.595231835405800380e-01
3.204999923706100162e+01,1.903907764002900046e-03,6.591554512247700393e-01
3.211899948120100134e+01,1.622856883228399917e-03,6.587881544570499681e-01
3.218799972534200293e+01,1.243214710287600085e-03,6.584213409649199988e-01
3.225699996948200265e+01,8.710253491257900077e-04,6.580550696088499629e-01
3.232600021362299714e+01,7.470833922059300081e-04,6.576892603971900009e-01
3.239500045776399872e+01,1.006054041304299974e-03,6.573238978173100433e-01
3.246400070190399845e+01,1.395778444890100100e-03,6.569591020153200400e-01
3.253300094604500003e+01,1.737173279358700077e-03,6.565947724710800015e-01
3.260200119018600162e+01,1.955844796276500017e-03,6.562309901507400456e-01
3.267100143432600134e+01,2.018372018692099999e-03,6.558677882585800534e-01
3.274000167846700293e+01,1.916562053351900064e-03,6.555051198822600123e-01
3.280899810790999993e+01,1.665024708360400042e-03,6.551431179737600141e-01
3.287799835205100152e+01,1.304916474820299981e-03,6.547816785501699988e-01
3.294699859619100124e+01,9.254314872351999911e-04,6.544207493663499742e-01
3.301599884033200283e+01,7.353377025208399738e-04,6.540605720699199654e-01
3.308499908447299731e+01,9.309441477284899867e-04,6.537008825865999739e-01
3.315399932861299703e+01,1.307267734332700094e-03,6.533418788227800533e-01
3.322299957275399862e+01,1.659344544081300075e-03,6.529833927048600550e-01
3.329199981689500021e+01,1.900907910867800097e-03,6.526253733985499794e-01
3.336100006103499993e+01,1.993069232765399927e-03,6.522680217735199459e-01
3.343000030517600152e+01,1.923324283055900027e-03,6.519110536151500046e-01
3.349900054931600124e+01,1.701759541394999966e-03,6.515546395253200007e-01
3.356800079345700283e+01,1.363390877219799969e-03,6.511986206658499921e-01
3.363700103759799731e+01,9.839159450553199449e-04,6.508432556914000022e-01
3.370600128173799703e+01,7.404437034120400123e-04,6.504881999719199781e-01
3.377500152587899862e+01,8.655147910681399836e-04,6.501336776173000098e-01
3.384400177002000021e+01,1.221346443243700097e-03,6.497796140093500261e-01
3.391299819946299721e+01,1.580661755517099969e-03,6.494260435758200112e-01
3.398199844360399879e+01,1.842969955390500077e-03,6.490730600269899453e-01
3.405099868774399852e+01,1.963369685412399979e-03,6.487204282402500022e-01
3.411999893188500010e+01,1.925002069124899908e-03,6.483685075007999954e-01
3.418899917602499983e+01,1.733570229936499995e-03,6.480169751924700350e-01
3.425799942016600141e+01,1.418488407587000042e-03,6.476662277501600284e-01
3.432699966430700300e+01,1.044351962866299933e-03,6.473158435166099789e-01
3.439599990844700272e+01,7.597031739396100302e-04,6.469661224272199584e-01
3.446500015258799721e+01,8.100223310692599831e-04,6.466169167704900467e-01
3.453400039672899879e+01,1.137394916082600091e-03,6.462683533230799693e-01
3.460300064086899852e+01,1.500293006844800100e-03,6.459202480859700390e-01
3.467200088501000010e+01,1.781245760581300075e-03,6.455726480650100241e-01
3.474100112914999983e+01,1.928597416422099921e-03,6.452255951410600376e-01
3.481000137329100141e+01,1.921052692122299926e-03,6.448790157462499506e-01
3.487900161743200300e+01,1.760055064184299972e-03,6.445330055068200226e-01
3.494800186157200272e+01,1.469864777639799973e-03,6.441873700483400356e-01
3.501699829101600159e+01,1.105838726122299921e-03,6.438421334015700381e-01
3.508599853515600131e+01,7.921281825393600541e-04,6.434974467194599645e-01
3.515499877929700290e+01,7.676409763254600288e-04,6.431531605965500331e-01
3.522399902343799738e+01,1.057127118489299905e-03,6.428094134442300378e-01
3.529299926757799710e+01,1.418935787036799956e-03,6.424660890661899604e-01
3.536199951171899869e+01,1.715848548819999932e-03,6.421233139651899569e-01
3.543099975585899841e+01,1.888409084842900031e-03,6.417809687062500101e-01
3.550000000000000000e+01,1.910715015130899901e-03,6.414392074170199853e-01
3.556900024414100159e+01,1.780029857700500063e-03,6.410980700791399922e-01
3.563800048828100131e+01,1.515815611675499965e-03,6.407572823125500250e-01
3.570700073242200290e+01,1.165637249548700030e-03,6.404171327411499748e-01
3.577600097656200262e+01,8.337742288941200376e-04,6.400775035483999842e-01
3.584500122070299710e+01,7.400907216331799668e-04,6.397384746351499896e-01
3.591400146484399869e+01,9.829421254643100521e-04,6.393998442372700319e-01
3.598300170898399841e+01,1.338731744241100077e-03,6.390617971349199511e-01
3.605199813842799728e+01,1.648837171164499894e-03,6.387241903675400234e-01
3.612099838256799700e+01,1.844763317861500057e-03,6.383870394478099453e-01
3.618999862670899859e+01,1.895771540714200065e-03,6.380504583358600490e-01
3.625899887085000017e+01,1.794991952602299897e-03,6.377142370550900052e-01
3.632799911498999990e+01,1.557333259822600005e-03,6.373784125452399696e-01
3.639699935913100148e+01,1.223561480262899941e-03,6.370431128303499779e-01
3.646599960327100121e+01,8.817456095555899990e-04,6.367082519578299848e-01
3.653499984741200279e+01,7.266784129394100126e-04,6.363737960534000537e-01
3.660400009155299728e+01,9.145800808780299830e-04,6.360397712794899627e-01
3.667300033569299700e+01,1.258942991965099996e-03,6.357062005974399854e-01
3.674200057983399859e+01,1.579485254669900016e-03,6.353731737402600332e-01
3.681100082397500017e+01,1.797064265495600024e-03,6.350406017733200015e-01
3.688000106811499990e+01,1.875769651842200013e-03,6.347085745445799621e-01
3.694900131225600148e+01,1.804615606824300092e-03,6.343770193551899750e-01
3.701800155639600121e+01,1.594166543268599971e-03,6.340459627313500546e-01
3.708700180053700279e+01,1.279164715132299901e-03,6.337154592316599500e-01
3.715599822997999979e+01,9.344688330332799825e-04,6.333856287753899528e-01
3.722499847412100138e+01,7.281983114422699733e-04,6.330561049202799717e-01
3.729399871826200297e+01,8.541936139358199866e-04,6.327272046616300161e-01
3.736299896240200269e+01,1.180587863054999949e-03,6.323987766668900390e-01
3.743199920654299717e+01,1.508253934413800006e-03,6.320707102224699669e-01
3.750099945068399876e+01,1.745431099483800083e-03,6.317431803770100496e-01
3.756999969482399848e+01,1.850541446106700010e-03,6.314160744175499884e-01
3.763899993896500007e+01,1.808443193582999963e-03,6.310894556451900339e-01
3.770800018310499979e+01,1.625508502635900033e-03,6.307631803280699945e-01
3.777700042724600138e+01,1.331045083423499980e-03,6.304372387433799796e-01
3.784600067138700297e+01,9.890880640267499940e-04,6.301118111885000150e-01
3.791500091552700269e+01,7.428106497938900257e-04,6.297867676828300398e-01
3.798400115966799717e+01,8.034516431284899731e-04,6.294621278621199689e-01
3.805300140380899876e+01,1.105057884651199952e-03,6.291378595855400269e-01
3.812200164794899848e+01,1.436450707906799943e-03,6.288142469277400171e-01
3.819100189209000007e+01,1.691204365729099971e-03,6.284909047008300220e-01
3.825999832153299707e+01,1.821452387557500078e-03,6.281681022307199491e-01
3.832899856567399866e+01,1.807820040084399905e-03,6.278457385482300035e-01
3.839799880981399838e+01,1.652595526794800032e-03,6.275238506810899564e-01
3.846699905395499997e+01,1.380070995811600015e-03,6.272025788437599614e-01
3.853599929809600155e+01,1.045169571329399895e-03,6.268817695026299708e-01
3.860499954223600128e+01,7.689269197788899503e-04,6.265613194947600162e-01
3.867399978637700286e+01,7.630738031384900295e-04,6.262414719283999620e-01
3.874300003051799735e+01,1.031937059623699990e-03,6.259220168067199941e-01
3.881200027465799707e+01,1.363074934837100018e-03,6.256029465568300196e-01
3.888100051879899866e+01,1.633189681648599930e-03,6.252844170253899492e-01
3.895000076293899838e+01,1.787237663277600058e-03,6.249662598598899610e-01
3.901900100707999997e+01,1.801461948331800102e-03,6.246484910447199779e-01
3.908800125122100155e+01,1.674144921067600034e-03,6.243310571408100529e-01
3.915700149536100128e+01,1.424912528021200081e-03,6.240141627492400422e-01
3.922600173950200286e+01,1.100953250124000072e-03,6.236975558284000298e-01
3.929499816894499986e+01,8.045654555490699619e-04,6.233814207450499856e-01
3.936399841308600145e+01,7.354092233294000228e-04,6.230656195267599839e-01
3.943299865722700304e+01,9.633343879271899805e-04,6.227503025346400323e-01
3.950199890136700276e+01,1.289494617026999993e-03,6.224354227725600319e-01
3.957099914550799724e+01,1.572312487179299912e-03,6.221209914878299552e-01
3.963999938964799696e+01,1.748460811464400090e-03,6.218069766888899563e-01
3.970899963378899855e+01,1.789578704892899911e-03,6.214934332751900214e-01
3.977799987793000014e+01,1.689991189284400066e-03,6.211803940814799585e-01
3.984700012206999986e+01,1.464930180537400055e-03,6.208678473974900136e-01
3.991600036621100145e+01,1.154904479143199943e-03,6.205558035201299560e-01
3.998500061035200304e+01,8.467586061149499780e-04,6.202441673445100445e-01
4.005400085449200276e+01,7.210484714307399982e-04,6.199330327951100283e-01
4.012300109863299724e+01,9.008529589811800024e-04,6.196224106748999816e-01
4.019200134277299696e+01,1.216965064763299948e-03,6.193120204206099544e-01
4.026100158691399855e+01,1.509701786535200046e-03,6.190021295734100537e-01
4.033000183105500014e+01,1.706155872167999929e-03,6.186926432847600354e-01
4.039899826049799714e+01,1.773067873831100059e-03,6.183834447011300472e-01
4.046799850463899872e+01,1.700823423835600041e-03,6.180746926564200106e-01
4.053699874877899845e+01,1.500470806296100041e-03,6.177663171625600302e-01
4.060599899292000003e+01,1.206625570210499926e-03,6.174582675386699471e-01
4.067499923706100162e+01,8.934204879203200538e-04,6.171505923987500308e-01
4.074399948120100134e+01,7.197032694905799478e-04,6.168432396469699652e-01
4.081299972534200293e+01,8.457044501299999708e-04,6.165362602302100203e-01
4.088199996948200265e+01,1.146299180746300017e-03,6.162298724740900013e-01
4.095100021362299714e+01,1.446122790724800079e-03,6.159237621549500385e-01
4.102000045776399872e+01,1.661169698967600045e-03,6.156180395665099558e-01
4.108900070190399845e+01,1.752871605536700022e-03,6.153127226620199730e-01
4.115800094604500003e+01,1.707645043220299991e-03,6.150079129961000257e-01
4.122700119018600162e+01,1.532499738948999964e-03,6.147035852746399742e-01
4.129600143432600134e+01,1.256712292983300054e-03,6.143996924677399551e-01
4.136500167846700293e+01,9.437582449169600301e-04,6.140962017361499825e-01
4.143399810790999993e+01,7.307101600138599931e-04,6.137931278824200199e-01
4.150299835205100152e+01,7.982862969544999915e-04,6.134905442693300293e-01
4.157199859619100124e+01,1.076655739202499922e-03,6.131882369529899623e-01
4.164099884033200283e+01,1.380106809257600035e-03,6.128863774284799559e-01
4.170999908447299731e+01,1.611707160186000081e-03,6.125849088601500458e-01
4.177899932861299703e+01,1.726966102261900038e-03,6.122839095273000520e-01
4.184799957275399862e+01,1.708240735668299908e-03,6.119831432629599943e-01
4.191699981689500021e+01,1.558614145770999921e-03,6.116827018339699995e-01
4.198600006103499993e+01,1.302488443080999925e-03,6.113827253357300151e-01
4.205500030517600152e+01,9.944522581673499641e-04,6.110830143666400316e-01
4.212400054931600124e+01,7.518871973015400344e-04,6.107836742897599924e-01
4.219300079345700283e+01,7.607862124429900152e-04,6.104847627043199498e-01
4.226200103759799731e+01,1.010518120206799989e-03,6.101862702236300340e-01
4.233100128173799703e+01,1.314041116382100088e-03,6.098881024173800069e-01
4.240000152587899862e+01,1.560095839331300050e-03,6.095903693855999617e-01
4.246900177002000021e+01,1.697594273172699925e-03,6.092929556866799601e-01
4.253799819946299721e+01,1.704724481379099902e-03,6.089960781936100132e-01
4.260699844360399879e+01,1.580727745792200002e-03,6.086994937376100090e-01
4.267599868774399852e+01,1.345469470029399912e-03,6.084035199715099873e-01
4.274499893188500010e+01,1.045926976107999957e-03,6.081077958785899851e-01
4.281399917602499983e+01,7.822122728485399971e-04,6.078124745987899535e-01
4.288299942016600141e+01,7.340153473034200437e-04,6.075176260085199953e-01
4.295199966430700300e+01,9.478577093874900224e-04,6.072230215662499653e-01
4.302099990844700272e+01,1.247175514854600032e-03,6.069288639127700113e-01
4.309000015258799721e+01,1.505280014365300081e-03,6.066350261397099874e-01
4.315900039672899879e+01,1.663527084111900102e-03,6.063414818644300430e-01
4.322800064086899852e+01,1.695725537712899954e-03,6.060483597179300297e-01
4.329700088501000010e+01,1.597315836777399951e-03,6.057555982825000296e-01
4.336600112914999983e+01,1.383896088351899926e-03,6.054631208134200193e-01
4.343500137329100141e+01,1.095852914339300044e-03,6.051710517915299681e-01
4.350400161743200300e+01,8.187102239729899481e-04,6.048792723987800324e-01
4.357300186157200272e+01,7.185398306077600073e-04,6.045879652061300069e-01
4.364199829101600159e+01,8.902763776173900061e-04,6.042970106908399641e-01
4.371099853515600131e+01,1.180884589799700065e-03,6.040063674952600437e-01
4.377999877929700290e+01,1.448516706343899989e-03,6.037161832858199961e-01
4.384899902343799738e+01,1.625920939750200066e-03,6.034262863009099975e-01
4.391799926757799710e+01,1.682274073411899919e-03,6.031368562910800479e-01
4.398699951171899869e+01,1.609238927427099992e-03,6.028478422778600354e-01
4.405599975585899841e+01,1.418358427098300074e-03,6.025591772433800397e-01
4.412500000000000000e+01,1.144204767295300008e-03,6.022709289837600011e-01
4.419400024414100159e+01,8.600580971318999872e-04,6.019829718882999670e-01
4.426300048828100131e+01,7.146877909867900471e-04,6.016953909682299928e-01
4.433200073242200290e+01,8.389719693929100072e-04,6.014081626499999667e-01
4.440100097656200262e+01,1.115790137672299960e-03,6.011211959648800063e-01
4.447000122070299710e+01,1.390187139303999952e-03,6.008345933767399449e-01
4.453900146484399869e+01,1.585058841510000004e-03,6.005482725963700030e-01
4.460800170898399841e+01,1.664584772050499905e-03,6.002623082048199610e-01
4.467699813842799728e+01,1.616627319474000027e-03,5.999766609054399957e-01
4.474599838256799700e+01,1.448834771901499939e-03,5.996913204382200435e-01
4.481499862670899859e+01,1.190557300966099989e-03,5.994062713632100081e-01
4.488399887085000017e+01,9.047886472071899793e-04,5.991215898926299799e-01
4.495299911498999990e+01,7.220559117074899780e-04,5.988372626884199690e-01
4.502199935913100148e+01,7.952239203667400272e-04,5.985533276083300214e-01
4.509099960327100121e+01,1.052603477485200079e-03,5.982697911270600244e-01
4.515999984741200279e+01,1.330677618835200042e-03,5.979867136302600139e-01
4.522900009155299728e+01,1.541178931444600088e-03,5.977039451873300546e-01
4.529800033569299700e+01,1.642799319351099943e-03,5.974215298596600165e-01
4.536700057983399859e+01,1.619536639698399916e-03,5.971395937230900008e-01
4.543600082397500017e+01,1.475265880842800085e-03,5.968580536468900410e-01
4.550500106811499990e+01,1.234578756657700102e-03,5.965767856709399686e-01
4.557400131225600148e+01,9.517802505178699557e-04,5.962958195688200513e-01
4.564300155639600121e+01,7.399710998587900402e-04,5.960152649196800434e-01
4.571200180053700279e+01,7.606879982024300187e-04,5.957349583520800129e-01
4.578099822997999979e+01,9.924237024391800461e-04,5.954548629678599880e-01
4.584999847412100138e+01,1.270555596953200014e-03,5.951751438578799513e-01
4.591899871826200297e+01,1.494517538010800084e-03,5.948956898309200048e-01
4.598799896240200269e+01,1.616870102501200088e-03,5.946165546180199879e-01
4.605699920654299717e+01,1.617610032336900096e-03,5.943376171548500064e-01
4.612599945068399876e+01,1.496898682002500026e-03,5.940589407625099794e-01
4.619499969482399848e+01,1.274887913337400007e-03,5.937805704340199942e-01
4.626399993896500007e+01,9.983969382174899456e-04,5.935024572228699835e-01
4.633300018310499979e+01,7.648961981299999720e-04,5.932247211384400476e-01
4.640200042724600138e+01,7.344234386402499889e-04,5.929473680882599851e-01
4.647100067138700297e+01,9.347521605597000410e-04,5.926703368361799784e-01
4.654000091552700269e+01,1.209355751983199950e-03,5.923937440845900015e-01
4.660900115966799717e+01,1.444706574925400068e-03,5.921175114054999522e-01
4.667800140380899876e+01,1.586506650681399934e-03,5.918416762397300523e-01
4.674700164794899848e+01,1.610601193325000022e-03,5.915662318041200463e-01
4.681600189209000007e+01,1.513498255993800000e-03,5.912911821412299984e-01
4.688499832153299707e+01,1.311193835323900105e-03,5.910164070989499807e-01
4.695399856567399866e+01,1.044019905427399919e-03,5.907420065105699614e-01
4.702299880981399838e+01,7.959041202679300025e-04,5.904679652820400415e-01
4.709199905395499997e+01,7.181146467718099941e-04,5.901943249193200014e-01
4.716099929809600155e+01,8.817220330952300466e-04,5.899208540900200415e-01
4.722999954223600128e+01,1.148856030098799937e-03,5.896476710574599656e-01
4.729899978637700286e+01,1.393387644294400004e-03,5.893747456278699559e-01
4.736800003051799735e+01,1.553320466515500020e-03,5.891021147413499914e-01
4.743700027465799707e+01,1.600135061032900013e-03,5.888297314585300146e-01
4.750600051879899866e+01,1.526719702776899992e-03,5.885576180893900000e-01
4.757500076293899838e+01,1.345138645544500080e-03,5.882857561465799634e-01
4.764400100707999997e+01,1.089998330619999919e-03,5.880141928398899820e-01
4.771300125122100155e+01,8.335426383022499731e-04,5.877428768627600553e-01
4.778200149536100128e+01,7.135685389539099662e-04,5.874719362868400241e-01
4.785100173950200286e+01,8.348864169357300431e-04,5.872012539004900500e-01
4.791999816894499986e+01,1.089317943826299904e-03,5.869310487771900453e-01
4.798899841308600145e+01,1.340026647253999984e-03,5.866610193172500098e-01
4.805799865722700304e+01,1.516231484394400071e-03,5.863914101177599703e-01
4.812699890136700276e+01,1.584669903819199959e-03,5.861221679169800192e-01
4.819599914550799724e+01,1.534561581082199977e-03,5.858532339518900400e-01
4.826499938964799696e+01,1.374182679731600050e-03,5.855847556258400033e-01
4.833399963378899855e+01,1.132997201781899953e-03,5.853163938299500435e-01
4.840299987793000014e+01,8.733500528859599937e-04,5.850484723857499736e-01
4.847200012206999986e+01,7.180901443453599963e-04,5.847807196439499533e-01
4.854100036621100145e+01,7.943458322592199944e-04,5.845132724801900270e-01
4.861000061035200304e+01,1.031364208112900069e-03,5.842461639358900172e-01
4.867900085449200276e+01,1.285461348533800023e-03,5.839792117322899490e-01
4.874800109863299724e+01,1.476187939167499961e-03,5.837125533334199812e-01
4.881700134277299696e+01,1.565166801802299898e-03,5.834461200113699730e-01
4.888600158691399855e+01,1.537913796162400024e-03,5.831799595042499451e-01
4.895500183105500014e+01,1.399048026491999958e-03,5.829140354390399681e-01
4.902399826049799714e+01,1.173360705684799903e-03,5.826484775257999571e-01
4.909299850463899872e+01,9.147796149009600154e-04,5.823830463742000196e-01
4.916199874877899845e+01,7.313604553011300406e-04,5.821181008515300404e-01
4.923099899292000003e+01,7.615912776787899484e-04,5.818532700976100092e-01
4.929999923706100162e+01,9.763471661061800481e-04,5.815889454951900239e-01
4.936899948120100134e+01,1.230924666293400005e-03,5.813249225407599585e-01
4.943799972534200293e+01,1.434472196982300050e-03,5.810611898058199998e-01
4.950699996948200265e+01,1.543009455035999899e-03,5.807977261249199774e-01
4.957600021362299714e+01,1.538247501181800019e-03,5.805347548898499577e-01
4.964500045776399872e+01,1.421215150244099909e-03,5.802719647486700438e-01
4.971400070190399845e+01,1.212331829075599925e-03,5.800094983386899772e-01
4.978300094604500003e+01,9.581313369354299472e-04,5.797473687770200446e-01
4.985200119018600162e+01,7.525803739750299608e-04,5.794854533646099926e-01
4.992100143432600134e+01,7.362569772343900004e-04,5.792238275016700078e-01
4.999000167846700293e+01,9.227720716732599722e-04,5.789623815548500252e-01
5.005899810790999993e+01,1.174091944490000036e-03,5.787011994416300098e-01
5.012799835205100152e+01,1.388358367722399966e-03,5.784402712297900262e-01
5.019699859619100124e+01,1.515276428118700076e-03,5.781796019060000402e-01
5.026599884033200283e+01,1.532585782845200060e-03,5.779191276543700351e-01
5.033499908447299731e+01,1.437793713462200054e-03,5.776589556410699489e-01
5.040399932861299703e+01,1.247279974987799923e-03,5.773990360288699941e-01
5.047299957275399862e+01,1.001251114065099907e-03,5.771392876505100356e-01
5.054199981689500021e+01,7.812270053151599940e-04,5.768799423018099448e-01
5.061100006103499993e+01,7.222557298701099771e-04,5.766209200185500316e-01
5.068000030517600152e+01,8.756762367569000376e-04,5.763620734178800387e-01
5.074900054931600124e+01,1.119500758935400037e-03,5.761036807612499588e-01
5.081800079345700283e+01,1.341778834986999966e-03,5.758455555908299495e-01
5.088700103759799731e+01,1.485256141027600091e-03,5.755877341367600097e-01
5.095600128173799703e+01,1.523481672376600067e-03,5.753302710345800097e-01
5.102500152587899862e+01,1.450430175886499974e-03,5.750730202836999982e-01
5.109400177002000021e+01,1.278605787154300007e-03,5.748160929695900201e-01
5.116299819946299721e+01,1.042536430017500064e-03,5.745593495841500031e-01
5.123199844360399879e+01,8.128359930741099575e-04,5.743028771959199918e-01
5.130099868774399852e+01,7.151065910444599771e-04,5.740465567554100534e-01
5.136999893188500010e+01,8.315874444821699882e-04,5.737905687658799714e-01
5.143899917602499983e+01,1.064209281738399959e-03,5.735348138065500256e-01
5.150799942016600141e+01,1.292399170047900088e-03,5.732792151557799532e-01
5.157699966430700300e+01,1.451208824807000098e-03,5.730239012920900210e-01
5.164599990844700272e+01,1.509757864683999992e-03,5.727687604214299899e-01
5.171500015258799721e+01,1.458510264121399983e-03,5.725138972882399813e-01
5.178400039672899879e+01,1.306291554793900063e-03,5.722592419431999922e-01
5.185300064086899852e+01,1.082578329159600023e-03,5.720048652717300008e-01
5.192200088501000010e+01,8.485866346336800497e-04,5.717509050682400007e-01
5.199100112914999983e+01,7.180435564050000052e-04,5.714970604840500235e-01
5.206000137329100141e+01,7.947246465896800347e-04,5.712436420880300236e-01
5.212900161743200300e+01,1.011523084668700069e-03,5.709905014056899653e-01
5.219800186157200272e+01,1.242762665989400033e-03,5.707376476966400380e-01
5.226699829101600159e+01,1.415146947164699909e-03,5.704850920475099674e-01
5.233599853515600131e+01,1.493012959882699959e-03,5.702328022868500268e-01
5.240499877929700290e+01,1.463255357954200029e-03,5.699807547662599783e-01
5.247399902343799738e+01,1.331135271208100032e-03,5.697290863535700023e-01
5.254299926757799710e+01,1.121512705068499968e-03,5.694774933840599518e-01
5.261199951171899869e+01,8.874260753847899603e-04,5.692261449635299675e-01
5.268099975585899841e+01,7.299554497546499859e-04,5.689750090592400333e-01
5.275000000000000000e+01,7.650970363837100198e-04,5.687240633051400263e-01
5.281900024414100159e+01,9.609848870276400468e-04,5.684733865887600102e-01
5.288800048828100131e+01,1.191963450150700012e-03,5.682227762185599884e-01
5.295700073242200290e+01,1.375868049247500101e-03,5.679723907588899445e-01
5.302600097656200262e+01,1.471778075778300060e-03,5.677223082343699767e-01
5.309500122070299710e+01,1.462900352581400108e-03,5.674724780881800212e-01
5.316400146484399869e+01,1.350990428382999910e-03,5.672228129232600446e-01
5.323300170898399841e+01,1.156615978134699916e-03,5.669733937091500087e-01
5.330199813842799728e+01,9.256993796351000369e-04,5.667243418565699464e-01
5.337099838256799700e+01,7.472648870357300041e-04,5.664756027530200022e-01
5.343999862670899859e+01,7.417030591296700425e-04,5.662271106509300100e-01
5.350899887085000017e+01,9.126173114866799893e-04,5.659790166927299859e-01
5.357799911498999990e+01,1.140437650107200065e-03,5.657311225331500548e-01
5.364699935913100148e+01,1.334133048755300078e-03,5.654834966346899972e-01
5.371599960327100121e+01,1.447093928945800047e-03,5.652362192066799906e-01
5.378499984741200279e+01,1.458748111989799975e-03,5.649891304647000068e-01
5.385400009155299728e+01,1.367431237800600073e-03,5.647423166868600353e-01
5.392300033569299700e+01,1.189727679045599930e-03,5.644957461551299849e-01
5.399200057983399859e+01,9.653402829754100011e-04,5.642492621539200170e-01
5.406100082397500017e+01,7.721156025330199813e-04,5.640030593768200484e-01
5.413000106811499990e+01,7.280694474954599836e-04,5.637570134678799860e-01
5.419900131225600148e+01,8.693746360233400210e-04,5.635110535474699978e-01
5.426800155639600121e+01,1.090078231927100105e-03,5.632653102784499488e-01
5.433700180053700279e+01,1.291105333258799970e-03,5.630195910562999506e-01
5.440599822997999979e+01,1.419590704173599944e-03,5.627742392196199983e-01
5.447499847412100138e+01,1.450967803644399997e-03,5.625290258383599529e-01
5.454399871826200297e+01,1.380144572408300045e-03,5.622840470800499757e-01
5.461299896240200269e+01,1.219903300135299906e-03,5.620393328923299903e-01
5.468199920654299717e+01,1.004372791896799991e-03,5.617948960072099984e-01
5.475099945068399876e+01,8.013449909766800052e-04,5.615506422574599865e-01
5.481999969482399848e+01,7.221638697885799773e-04,5.613067548461899703e-01
5.488899993896500007e+01,8.300851315612699536e-04,5.610631616850000336e-01
5.495800018310499979e+01,1.039662626999500071e-03,5.608198560691100010e-01
5.502700042724600138e+01,1.245506607865000046e-03,5.605767434481000455e-01
5.509600067138700297e+01,1.387939735009099951e-03,5.603339190637900424e-01
5.516500091552700269e+01,1.438146577594599925e-03,5.600914623367999612e-01
5.523400115966799717e+01,1.387583565613699933e-03,5.598490496772899894e-01
5.530300140380899876e+01,1.245377569045900013e-03,5.596069482100399783e-01
5.537200164794899848e+01,1.040620653597199930e-03,5.593650315707000553e-01
5.544100189209000007e+01,8.322647412694099888e-04,5.591233507159599769e-01
5.550999832153299707e+01,7.226796058265800345e-04,5.588817528526599521e-01
5.557899856567399866e+01,7.951281906449900096e-04,5.586403896307100547e-01
5.564799880981399838e+01,9.898913111298099712e-04,5.583991903445799654e-01
5.571699905395499997e+01,1.198165931607199971e-03,5.581581995391099449e-01
5.578599929809600155e+01,1.353085305330900068e-03,5.579173866989599606e-01
5.585499954223600128e+01,1.421343325607599952e-03,5.576767810678600057e-01
5.592399978637700286e+01,1.390941653643299998e-03,5.574364509214000396e-01
5.599300003051799735e+01,1.267514026391299920e-03,5.571964412813099621e-01
5.606200027465799707e+01,1.075611069003700078e-03,5.569566786303700168e-01
5.613100051879899866e+01,8.664776362593399651e-04,5.567171987371399844e-01
5.620000076293899838e+01,7.323082181761800128e-04,5.564779661698999735e-01
5.626900100707999997e+01,7.683977160527600365e-04,5.562391289735000299e-01
5.633800125122100155e+01,9.440866925071899523e-04,5.560004524912000035e-01
5.640700149536100128e+01,1.151756212261800024e-03,5.557620950827100170e-01
5.647600173950200286e+01,1.317265124881899932e-03,5.555238512601600176e-01
5.654499816894499986e+01,1.402473395951299960e-03,5.552858980738899497e-01
5.661399841308600145e+01,1.391834908427899958e-03,5.550481185612099466e-01
5.668299865722700304e+01,1.287556554383399894e-03,5.548104765821200157e-01
5.675199890136700276e+01,1.109950254014200038e-03,5.545729831969099521e-01
5.682099914550799724e+01,9.033805042784299544e-04,5.543355202893299749e-01
5.688999938964799696e+01,7.495791117262900040e-04,5.540981571470500189e-01
5.695899963378899855e+01,7.488989247552000532e-04,5.538610265011200129e-01
5.702799987793000014e+01,9.006499327749200234e-04,5.536240429638099592e-01
5.709700012206999986e+01,1.103992776490499974e-03,5.533870766637200012e-01
5.716600036621100145e+01,1.277728218915099917e-03,5.531503662687999867e-01
5.723500061035200304e+01,1.378423863665599906e-03,5.529137626390999705e-01
5.730400085449200276e+01,1.386833527949300022e-03,5.526776020460100192e-01
5.737300109863299724e+01,1.301788735605099957e-03,5.524415662354400514e-01
5.744200134277299696e+01,1.139677315481899900e-03,5.522058454217000367e-01
5.751100158691399855e+01,9.389053211439500526e-04,5.519704707653599884e-01
5.758000183105500014e+01,7.715988167813000054e-04,5.517353422237699645e-01
5.764899826049799714e+01,7.375849369029899814e-04,5.515005803116600491e-01
5.771799850463899872e+01,8.628586236195599475e-04,5.512661528550399925e-01
5.778699874877899845e+01,1.058949398942700057e-03,5.510318865029799618e-01
5.785599899292000003e+01,1.238894949398400107e-03,5.507978680820599937e-01
5.792499923706100162e+01,1.353741769239999925e-03,5.505641340768600012e-01
5.799399948120100134e+01,1.380418420636199926e-03,5.503304641817300391e-01
5.806299972534200293e+01,1.314384874558000059e-03,5.500969228134999778e-01
5.813199996948200265e+01,1.168247107453499953e-03,5.498636668087300006e-01
5.820100021362299714e+01,9.749485219474300505e-04,5.496303535154100084e-01
5.827000045776399872e+01,7.976545363964000247e-04,5.493971579074300449e-01
5.833900070190399845e+01,7.320805238920200138e-04,5.491640946831399805e-01
5.840800094604500003e+01,8.273452145982900397e-04,5.489311666715599447e-01
5.847700119018600162e+01,1.012655054107500056e-03,5.486983006511799710e-01
5.854600143432600134e+01,1.196769887583299915e-03,5.484655673742500070e-01
5.861500167846700293e+01,1.324734851468400065e-03,5.482329923397799565e-01
5.868399810790999993e+01,1.369390151212000013e-03,5.480007049024699928e-01
5.875299835205100152e+01,1.322781461653300093e-03,5.477686436223400124e-01
5.882199859619100124e+01,1.193859783968100096e-03,5.475368440274800408e-01
5.889099884033200283e+01,1.010557429105100012e-03,5.473053889962600227e-01
5.895999908447299731e+01,8.277970933660100351e-04,5.470741700560100007e-01
5.902899932861299703e+01,7.342994036220399767e-04,5.468433575168599736e-01
5.909799957275399862e+01,7.965992728945900034e-04,5.466128274066199833e-01
5.916699981689500021e+01,9.665126956136199741e-04,5.463825060355299579e-01
5.923600006103499993e+01,1.151599061911999945e-03,5.461524599636200517e-01
5.930500030517600152e+01,1.290663514625400073e-03,5.459226520886799605e-01
5.937400054931600124e+01,1.352156794250699906e-03,5.456929718894399928e-01
5.944300079345700283e+01,1.324650019259399980e-03,5.454633922461700202e-01
5.951200103759799731e+01,1.213576938884200051e-03,5.452339636750399565e-01
5.958100128173799703e+01,1.042362260715300063e-03,5.450046920329499889e-01
5.965000152587899862e+01,8.587773882356299722e-04,5.447754198329399777e-01
5.971900177002000021e+01,7.434857843529599697e-04,5.445461580929900069e-01
5.978799819946299721e+01,7.736198866495699747e-04,5.443170594662599671e-01
5.985699844360399879e+01,9.252326257723499613e-04,5.440880268464100000e-01
5.992599868774399852e+01,1.108815404201700080e-03,5.438591073039900081e-01
5.999499893188500010e+01,1.257354249382700061e-03,5.436302993658299609e-01
6.006399917602499983e+01,1.334744237881099922e-03,5.434017757409800309e-01
6.013299942016600141e+01,1.326023443492400098e-03,5.431734296634199710e-01
6.020199966430700300e+01,1.233155507571499906e-03,5.429453482823799471e-01
6.027099990844700272e+01,1.075273011768399910e-03,5.427175379416699919e-01
6.034000015258799721e+01,8.935151377150400004e-04,5.424901431768099913e-01
6.040900039672899879e+01,7.597426095755099602e-04,5.422628775047100280e-01
6.047800064086899852e+01,7.562517604196999661e-04,5.420360565248399931e-01
6.054700088501000010e+01,8.844194743797299460e-04,5.418095402716700537e-01
6.061600112914999983e+01,1.062512936776399989e-03,5.415832396366300205e-01
6.068500137329100141e+01,1.218056056892999990e-03,5.413571038626799892e-01
6.075400161743200300e+01,1.309918101520799990e-03,5.411310958974899776e-01
6.082300186157200272e+01,1.319402406167999959e-03,5.409053291090200055e-01
6.089199829101600159e+01,1.245023146698499969e-03,5.406796234951100066e-01
6.096099853515600131e+01,1.101918850269700042e-03,5.404541239507100192e-01
6.102999877929700290e+01,9.254284576756600152e-04,5.402286095361299445e-01
6.109899902343799738e+01,7.791339680210600076e-04,5.400031568338300447e-01
6.116799926757799710e+01,7.456598211285499992e-04,5.397778297821199667e-01
6.123699951171899869e+01,8.485806478178999470e-04,5.395524850297600539e-01
6.130599975585899841e+01,1.018500306114900012e-03,5.393274384763500073e-01
6.137500000000000000e+01,1.179086380552299938e-03,5.391023899753699666e-01
6.144400024414100159e+01,1.284141099165999993e-03,5.388775326604200444e-01
6.151300048828100131e+01,1.311161889031699961e-03,5.386529084390999644e-01
6.158200073242200290e+01,1.255258751303199973e-03,5.384285484602600036e-01
6.165100097656200262e+01,1.127777134021400044e-03,5.382044474859299932e-01
6.172000122070299710e+01,9.587967684145500208e-04,5.379806251074500389e-01
6.178900146484399869e+01,8.040903254309999994e-04,5.377571085108300286e-01
6.185800170898399841e+01,7.432181650677799995e-04,5.375338572082699606e-01
6.192699813842799728e+01,8.182844866047600269e-04,5.373109505431300503e-01
6.199599838256799700e+01,9.765636842715499661e-04,5.370881619385099448e-01
6.206499862670899859e+01,1.139939066179400037e-03,5.368656126999500344e-01
6.213399887085000017e+01,1.256943020521500030e-03,5.366431935254599717e-01
6.220299911498999990e+01,1.301003169802099910e-03,5.364208801588500330e-01
6.227199935913100148e+01,1.263726973110000087e-03,5.361987525145199829e-01
6.234099960327100121e+01,1.152717957773800091e-03,5.359766391705700350e-01
6.240999984741200279e+01,9.931038888638399082e-04,5.357546883626399525e-01
6.247900009155299728e+01,8.332605968962100316e-04,5.355327156157300150e-01
6.254800033569299700e+01,7.473628810289900020e-04,5.353108108825499478e-01
6.261700057983399859e+01,7.917963256000399783e-04,5.350889573265900090e-01
6.268600082397500017e+01,9.342424836032200280e-04,5.348672327877399546e-01
6.275500106811499990e+01,1.097733348225399946e-03,5.346456996720799770e-01
6.282400131225600148e+01,1.225407533803600036e-03,5.344242930824999460e-01
6.289300155639600121e+01,1.286270109612799905e-03,5.342030976392200259e-01
6.296200180053700279e+01,1.268292419844200061e-03,5.339821816173999647e-01
6.303099822997999979e+01,1.175383689158100058e-03,5.337615965315399835e-01
6.309999847412100138e+01,1.028010489628500062e-03,5.335412686331799659e-01
6.316899871826200297e+01,8.675966167091599688e-04,5.333212011613399639e-01
6.323799896240200269e+01,7.610218942360599467e-04,5.331014228917100306e-01
6.330699920654299717e+01,7.730396870524700341e-04,5.328819706077200236e-01
6.337599945068399876e+01,8.939401766788299553e-04,5.326626745359499537e-01
6.344499969482399848e+01,1.052735370897100097e-03,5.324435963173099751e-01
6.351399993896500007e+01,1.187784395247200092e-03,5.322246040664599942e-01
6.358300018310499979e+01,1.263323527926299905e-03,5.320057457927700462e-01
6.365200042724600138e+01,1.263502703453200102e-03,5.317870939635600536e-01
6.372100067138700297e+01,1.188572891846099945e-03,5.315682587100799550e-01
6.379000091552700269e+01,1.054714200046499980e-03,5.313495944467400145e-01
6.385900115966799717e+01,8.973563647252800124e-04,5.311309333328000370e-01
6.392800140380899876e+01,7.763041753409999791e-04,5.309122790200200281e-01
6.399700164794899848e+01,7.598037948557899955e-04,5.306937342924800127e-01
6.406600189209000007e+01,8.584367474187999929e-04,5.304751905732399964e-01
6.413500213622999979e+01,1.010861834604899999e-03,5.302568384749799524e-01
6.420400238037099427e+01,1.152058713953999945e-03,5.300387085431099710e-01
6.427300262451200297e+01,1.241565756336300043e-03,5.298207055045599523e-01
6.434200286865200269e+01,1.259685232577300055e-03,5.296030205064099494e-01
6.441100311279299717e+01,1.203046424545500034e-03,5.293855467144400473e-01
6.448000335693400586e+01,1.083691728552600101e-03,5.291683158036200041e-01
6.454900360107400559e+01,9.313935070179899618e-04,5.289513698455999835e-01
6.461799621581999986e+01,7.986118777168900148e-04,5.287348099848899752e-01
6.468699645996099434e+01,7.533912358605900214e-04,5.285184189233800289e-01
6.475599670410200304e+01,8.251024660809399853e-04,5.283022964883999917e-01
6.482499694824200276e+01,9.666747614055499864e-04,5.280863392937299450e-01
6.489399719238299724e+01,1.111296496196300092e-03,5.278706727240299879e-01
6.496299743652299696e+01,1.213414618797800009e-03,5.276550063555700554e-01
6.503199768066400566e+01,1.249144619081199925e-03,5.274394575354499626e-01
6.510099792480500014e+01,1.211416084826399909e-03,5.272240507105300233e-01
6.516999816894499986e+01,1.108323498080400092e-03,5.270086189560899692e-01
6.523899841308599434e+01,9.645621874853599993e-04,5.267933999660400213e-01
6.530799865722700304e+01,8.257395713663400133e-04,5.265780499531800274e-01
6.537699890136700276e+01,7.566278567334200518e-04,5.263628750362300268e-01
6.544599914550799724e+01,8.005809717523899903e-04,5.261477832765599771e-01
6.551499938964799696e+01,9.279013272143599557e-04,5.259328489216600344e-01
6.558399963378900566e+01,1.073116357352400102e-03,5.257181253389500153e-01
6.565299987793000014e+01,1.185892682260699998e-03,5.255036377799100489e-01
6.572200012206999986e+01,1.237931613903999958e-03,5.252893515339499553e-01
6.579100036621099434e+01,1.218305322688999909e-03,5.250751698773800102e-01
6.586000061035200304e+01,1.131126166926000026e-03,5.248613084945500384e-01
6.592900085449200276e+01,9.962088025968799613e-04,5.246476634999399646e-01
6.599800109863299724e+01,8.527005272489300266e-04,5.244341721932800349e-01
6.606700134277299696e+01,7.609241963811000289e-04,5.242209395470099897e-01
6.613600158691400566e+01,7.751435687470700038e-04,5.240078599245500124e-01
6.620500183105500014e+01,8.852079710049599740e-04,5.237948943272100477e-01
6.627400207519499986e+01,1.029592526000600028e-03,5.235820089807800004e-01
6.634300231933599434e+01,1.153043011154800037e-03,5.233692383204600063e-01
6.641200256347700304e+01,1.222385007927700041e-03,5.231565263075700356e-01
6.648100280761700276e+01,1.222635685462000006e-03,5.229438554218599489e-01
6.655000305175799724e+01,1.153935111151499927e-03,5.227311992498999693e-01
6.661900329589799696e+01,1.031421760526600060e-03,5.225187079789700428e-01
6.668800354003900566e+01,8.879582245571499997e-04,5.223062795142400239e-01
6.675700378418000014e+01,7.775293410153799991e-04,5.220940477289299775e-01
6.682599639892599441e+01,7.599789356103499576e-04,5.218818630065199526e-01
6.689499664306599414e+01,8.461338602724099468e-04,5.216699282601100496e-01
6.696399688720700283e+01,9.840143727576000296e-04,5.214583119080600238e-01
6.703299713134799731e+01,1.114567726357799981e-03,5.212469546694800115e-01
6.710199737548799703e+01,1.199240816590200044e-03,5.210358582728099597e-01
6.717099761962900573e+01,1.218628417035200022e-03,5.208249821593200490e-01
6.723999786377000021e+01,1.168828177164100025e-03,5.206144924879999580e-01
6.730899810790999993e+01,1.060580308122999974e-03,5.204041674427599684e-01
6.737799835205099441e+01,9.211770494338799697e-04,5.201940600101699896e-01
6.744699859619099414e+01,7.982598748076800196e-04,5.199840344291699612e-01
6.751599884033200283e+01,7.528850979113200148e-04,5.197742435356700330e-01
6.758499908447299731e+01,8.137822408914999802e-04,5.195644470666399561e-01
6.765399932861299703e+01,9.424444570627599996e-04,5.193546907029900073e-01
6.772299957275400573e+01,1.078108586956799935e-03,5.191449212001200131e-01
6.779199981689500021e+01,1.176828082837299942e-03,5.189352803195399488e-01
6.786100006103499993e+01,1.214553638183499913e-03,5.187255177262100059e-01
6.793000030517599441e+01,1.183242807483800025e-03,5.185158506791700539e-01
6.799900054931599414e+01,1.089298673674100057e-03,5.183061868073499667e-01
6.806800079345700283e+01,9.547417052434899621e-04,5.180966772876199888e-01
6.813700103759799731e+01,8.209629833927800267e-04,5.178873209464499583e-01
6.820600128173799703e+01,7.478967832688299599e-04,5.176782266362499607e-01
6.827500152587900573e+01,7.801632906187399609e-04,5.174694028447900385e-01
6.834400177002000021e+01,8.965158620760399662e-04,5.172608335599200302e-01
6.841300201415999993e+01,1.036284830238700001e-03,5.170526352377600166e-01
6.848200225830099441e+01,1.149503081168999977e-03,5.168447175235499902e-01
6.855100250244099414e+01,1.206929956647400000e-03,5.166371787901300472e-01
6.862000274658200283e+01,1.196203635427599927e-03,5.164299523951100257e-01
6.868900299072299731e+01,1.119481642821100031e-03,5.162228947629200482e-01
6.875800323486299703e+01,9.938386351291200130e-04,5.160160708257900408e-01
6.882700347900400573e+01,8.544371490386400364e-04,5.158091708477100523e-01
6.889600372314500021e+01,7.570818452741800205e-04,5.156025286224299453e-01
6.896499633789099448e+01,7.573418144380299546e-04,5.153957209388599914e-01
6.903399658203099420e+01,8.549697644273699477e-04,5.151888647412099509e-01
6.910299682617200290e+01,9.941738473276599646e-04,5.149818805714699854e-01
6.917199707031200262e+01,1.119181351628299953e-03,5.147747186789900509e-01
6.924099731445299710e+01,1.194870334496300019e-03,5.145675410690100371e-01
6.930999755859400580e+01,1.204172755160900056e-03,5.143604156838199604e-01
6.937899780273400552e+01,1.144932197119800064e-03,5.141531662522600410e-01
6.944799804687500000e+01,1.029557543713800066e-03,5.139460644036699666e-01
6.951699829101599448e+01,8.875479874255300453e-04,5.137391125947500248e-01
6.958599853515599420e+01,7.697705831213799829e-04,5.135326372814700280e-01
6.965499877929700290e+01,7.384707292697699748e-04,5.133264044895899936e-01
6.972399902343799738e+01,8.147470914692100247e-04,5.131206002354600226e-01
6.979299926757799710e+01,9.517301987021799508e-04,5.129153732719200498e-01
6.986199951171900580e+01,1.088201133454000033e-03,5.127105809626599786e-01
6.993099975585900552e+01,1.182470475460500100e-03,5.125062916823199810e-01
7.000000000000000000e+01,1.212387807411700099e-03,5.123024160162099605e-01
